(20,60) (50,60) (80,60) (110,60) (140,60) (170,60) (200,60) (230,60) (260,60) (290,60) (320,60) (350,60) (380,60) (410,60) (440,60) 
(20,90) (50,90) (80,90) (110,90) (140,90) (170,90) (200,90) (230,90) (260,90) (290,90) (320,90) (350,90) (380,90) (410,90) (440,90) 
(20,120) (50,120) (80,120) (110,120) (140,120) (170,120) (200,120) (230,120) (260,120) (290,120) (320,120) (350,120) (380,120) (410,120) (440,120) 
(20,150) (50,150) (80,150) (110,150) (140,150) (170,150) (200,150) (230,150) (260,150) (290,150) (320,150) (350,150) (380,150) (410,150) (440,150) 
(20,180) (50,180) (80,180) (110,180) (140,180) (170,180) (200,180) (230,180) (260,180) (290,180) (320,180) (350,180) (380,180) (410,180) (440,180) 
(20,210) (50,210) (80,210) (110,210) (140,210) (170,210) (200,210) (230,210) (260,210) (290,210) (320,210) (350,210) (380,210) (410,210) (440,210) 
(20,240) (50,240) (80,240) (110,240) (140,240) (170,240) (200,240) (230,240) (260,240) (290,240) (320,240) (350,240) (380,240) (410,240) (440,240) 
(20,270) (50,270) (80,270) (110,270) (140,270) (170,270) (200,270) (230,270) (260,270) (290,270) (320,270) (350,270) (380,270) (410,270) (440,270) 
(20,300) (50,300) (80,300) (110,300) (140,300) (170,300) (200,300) (230,300) (260,300) (290,300) (320,300) (350,300) (380,300) (410,300) (440,300) 
(20,330) (50,330) (80,330) (110,330) (140,330) (170,330) (200,330) (230,330) (260,330) (290,330) (320,330) (350,330) (380,330) (410,330) (440,330) 
(20,360) (50,360) (80,360) (110,360) (140,360) (170,360) (200,360) (230,360) (260,360) (290,360) (320,360) (350,360) (380,360) (410,360) (440,360) 
(20,390) (50,390) (80,390) (110,390) (140,390) (170,390) (200,390) (230,390) (260,390) (290,390) (320,390) (350,390) (380,390) (410,390) (440,390) 
(20,420) (50,420) (80,420) (110,420) (140,420) (170,420) (200,420) (230,420) (260,420) (290,420) (320,420) (350,420) (380,420) (410,420) (440,420) 
(20,450) (50,450) (80,450) (110,450) (140,450) (170,450) (200,450) (230,450) (260,450) (290,450) (320,450) (350,450) (380,450) (410,450) (440,450) 
(20,480) (50,480) (80,480) (110,480) (140,480) (170,480) (200,480) (230,480) (260,480) (290,480) (320,480) (350,480) (380,480) (410,480) (440,480) 
